the-beatles.jpg 4
242 78 55 55
368 175 71 71
480 64 59 59
361 72 66 66
p110912sh-0083.jpg 15
588 347 94 94
1526 376 104 104
744 494 97 97
1166 433 100 100
537 155 106 106
1302 163 100 100
892 270 99 99
917 449 118 118
1272 303 101 101
780 104 103 103
1063 126 99 99
173 566 101 101
1637 572 100 100
1415 595 92 92
564 469 90 90
FripSide.jpeg 2
2500 650 900 900
4400 1950 900 900
wagakki_band.jpg 8
500 425 245 245
1100 500 200 200
1700 290 200 200
2525 440 200 200
3150 600 200 200
750 1130 250 250
1470 840 250 250
2150 1200 250 250
